2 0.22265625 0.2375 0.13984375 0.1859375
2 0.3484375 0.49609375 0.14375 0.2
2 0.24765625 0.80546875 0.1375 0.22890625
2 0.78984375 0.86171875 0.1296875 0.1734375
2 0.7421875 0.478125 0.10546875 0.17734375
2 0.83984375 0.2109375 0.13828125 0.23515625
0 0.7578125 0.75703125 0.4 0.1734375
0 0.73828125 0.5546875 0.45 0.1875
0 0.81484375 0.146875 0.27734375 0.1984375
0 0.25703125 0.115625 0.44375 0.159375
0 0.24921875 0.74453125 0.43125 0.1484375
0 0.325 0.42578125 0.3125 0.1390625
1 0.73828125 0.3984375 0.45 0.07578125