2 0.24765625 0.17265625 0.17265625 0.20625
2 0.2390625 0.4375 0.1796875 0.1765625
2 0.22734375 0.83515625 0.1765625 0.196875
2 0.7453125 0.8578125 0.190625 0.20625
2 0.75703125 0.515625 0.22578125 0.29609375
2 0.71015625 0.1828125 0.28984375 0.2921875
0 0.74453125 0.915625 0.47578125 0.165625
0 0.24765625 0.91875 0.484375 0.15859375
0 0.25078125 0.5640625 0.48984375 0.20078125
0 0.24609375 0.2359375 0.484375 0.18046875
1 0.24765625 0.128125 0.48828125 0.16953125
1 0.74921875 0.7125 0.48828125 0.07578125
1 0.24765625 0.728125 0.48828125 0.11015625