2 0.12421875 0.24453125 0.07734375 0.29765625
2 0.35625 0.2796875 0.0859375 0.25390625
2 0.62109375 0.1984375 0.0984375 0.303125
2 0.88359375 0.1984375 0.07109375 0.25390625
2 0.35078125 0.8046875 0.09140625 0.31640625
2 0.6140625 0.72734375 0.075 0.2703125
2 0.875 0.75859375 0.09375 0.25390625
2 0.1203125 0.815625 0.13046875 0.27734375
0 0.36640625 0.67890625 0.22890625 0.23671875
0 0.1171875 0.71640625 0.22265625 0.23046875
0 0.6140625 0.65625 0.228125 0.24375
0 0.87265625 0.65234375 0.246875 0.23828125
0 0.87578125 0.11015625 0.240625 0.19453125
0 0.62109375 0.10390625 0.2234375 0.184375
0 0.36484375 0.13828125 0.23828125 0.25546875
0 0.11796875 0.121875 0.21640625 0.2265625
1 0.08828125 0.37421875 0.165625 0.23984375
1 0.3390625 0.38828125 0.1875 0.2078125
1 0.615625 0.3875 0.23515625 0.21171875
1 0.8734375 0.3953125 0.2484375 0.20625
1 0.87265625 0.9 0.246875 0.1625